# Base read file. This file will call any sprite sheets needed, 
# load them, and allow us to create animations from specified
# frames




# filename is the texture's symbol
#      ID              Filename 
@Image SPRITESHEET     spritesheet01.png


# Type - The type of animation, this can be the following:
#	   0 - Looping
#	   1 - Rocking
#	   2 - Single loop
#      3 - Texture
#      4 - Surface

##########################################################################################
#				KITTY ANIMATION SET					 #
#			Walk (x4), Stay still (x4), BlowUp/Die				 #
#											 #
##########################################################################################
# ALL LINES MUST BE IN THE FOLLOWING FORMAT:
# symbol			type	x   y   width height	{more x y width height's}

#Kitty
BCAT-UP				0	356 4   80  108		444 4   80  108		532 4   80  108 	620 4 	80 108
BCAT-STILLUP			0	356 4   80  108      

BCAT-DOWN			0	4   4   80  108		92  4   80  108		180 4   80  108         268 4	80 108		
BCAT-STILLDOWN			0       4   4 	80  108	

BCAT-LEFT			0	708 4   80  108		796 4   80  108		884 4   80  108		972 4   80 108
BCAT-STILLLEFT                  0       708 4   80  108

BCAT-RIGHT			0	4   120 80  108	        92 120  80  108		180 120 80  108		268 120 80 108
BCAT-STILLRIGHT                 0       4   120 80  108

BCAT-BLOWUP			0	356 120 80  108		444 120 80  108		532 120 80  108 	620 120 80 108 		708 120 80 108		796 120 80 108		884 120 80 108		972 120 80 108		4 236 80 108

BCAT-STILL			0       4   4 	80  108	


##########################################################################################
#				BOMB ANIMATION SET					 #
#			DIRECTIONAL, tick/non  (x4), BlowUp				 #
#											 #
##########################################################################################

#Bomb
BBOMB-STATIC			0	2100  816 128 128
BBOMB-LIGHT			   0	1692  816 128 128		1828 816 128 128		
BBOMB-FLASH			   0	1692  816 128 128		1964 816 128 128


BBOMB-EXPOLSION	   0	1556 544 128 128		1692 544  128 128	`1828 544  128 128	1964 544  128 128	 2100 544 128 128

BBOMB-EXPLCENTER		2	1556 544 128 128		1692 544  128 128	 1828 544  128 128	1964 544  128 128	 2100 544 128 128

BBOMB-EXPLUP			0  884 3132 128 128		 884 3132 128 128	 884 3132 128 128	 884 3132 128 128	 884 3132 128 128	 1964 408 128 128       1144  544 128 128			

BBOMB-EXPLDOWN			0  884 3132 128 128		 884 3132 128 128	 884 3132 128 128	 884 3132 128 128	 884 3132 128 128	 1556 136 128 128       1828  136 128 128

BBOMB-EXPLLEFT			0  884 3132 128 128		 884 3132 128 128	 884 3132 128 128	 884 3132 128 128	 884 3132 128 128	 1284 272 128 128       1556  272 128 128

BBOMB-EXPLRIGHT		0 884 3132 128 128		 884 3132 128 128	 884 3132 128 128	 884 3132 128 128	 884 3132 128 128	 2100 272 128 128       1284  408 128 128


BRICK-DOORDESTROY		2	 844 120  128 128		1116 120  128 128		1252 120  128 128		1388 120  128 128         1500  1228 128 128


##########################################################################################
#			            EXPLOSIONS (Torgue Approved)			 #
#			                   DIRECTIONALS		         		 #
#											 #
##########################################################################################

BBOMB-EXPLUP2			0	1954 408  128 128		1148 544  128 128
BBOMB-EXPLUP3			1	1954 408  128 128		2100 408  128 128	1828 408  128 128
BBOMB-EXPLUP4			0	1954 408  128 128		2100 408  128 128	1284 544  128 128  	1420 544  128 128

BBOMB-EXPLDOWN2			0	1556 136  128 128		1828 136  128 128
BBOMB-EXPLDOWN3			1	1556 136  128 128		1692 136  128 128	2100 136  128 128
BBOMB-EXPLDOWN4			0	1556 136  128 128		1692 136  128 128	1954 136  128 128	1148 272  128 128

BBOMB-EXPLLEFT2			0	1284 272  128 128		1546 272  128 128
BBOMB-EXPLLEFT3			1	1284 272  128 128		1420 272  128 128	1828 272  128 128
BBOMB-EXPLLEFT4			0	1284 272  128 128		1420 272  128 128	1692 272  128 128	1954 272  128 128

BBOMB-EXPLRIGHT2		0	2100 272  128 128		1284 408  128 128	
BBOMB-EXPLRIGHT3		1	2100 272  128 128		1148 408  128 128	1546 408  128 128
BBOMB-EXPLRIGHT4		0	2100 272  128 128		1148 408  128 128	1420 408  128 128	1692 408  128 128	
  




##########################################################################################
#				ENEMY ANIMATION SETS					 #
#			Walk (x4), Stay still (x4), BlowUp/Die				 #
#	            Dog, NegaKitty, Butterfly, Squid, Kid, Penguins			 #
##########################################################################################

#enemies
EDOG-DOWN			0	 92 700   80 108		180 700   80 108	268 700    80 108	356 700    80 108
EDOG-UP				0	444 584   80 108		532 584   80 108	620 584	   80 108	708 584    80 108
EDOG-LEFT			0	444 700   80 108		532 700   80 108	620 700    80 108	708 700    80 108
EDOG-RIGHT			0	796 700   80 108		884 700   80 108	972 700    80 108	  4 816    80 108
EDOG-DEAD			2	796 584   80 108		884 584	  80 108	972 584    80 108	  4 700    80 108	2000 3000 128 128


EKID-DOWN			0	 796 816  80 108		 884 816  80 108	 972 816  80 108	   4 932  80 108
EKID-UP				0	  92 816  80 108		 180 816  80 108	 268 816  80 108	 356 816  80 108
EKID-LEFT			0	  92 932  80 108		 180 932  80 108	 268 932  80 108	 356 932  80 108
EKID-RIGHT			0	 444 932  80 108		 532 932  80 108	 620 932  80 108	 708 932  80 108
EKID-DEAD			2	 444 816  80 108		 532 816  80 108	 620 816  80 108	 708 816  80 108	2000 3000 128 128


ESQUID-DOWN			0	1060 584  80 108		1060 700  80 108	1060 816  80 108	1060 932  80 108
ESQUID-UP			0	 796 932  80 108		 884 932  80 108	 972 932  80 108	1060   4  80 108
ESQUID-LEFT			0	   4 1048 80 108		  92 1048 80 108	 180 1048 80 108	 268 1048 80 108
ESQUID-RIGHT			0	 356 1048 80 108		 444 1048 80 108	 532 1048 80 108	 620 1048 80 108
ESQUID-DEAD			2	1060 120  80 108		1060 236  80 108	1060 352  80 108	1060 468  80 108	2000 3000 128 128   


ENEGA-DOWN			0	 796 236  80 108		 884 236  80 108	 972 236  80 108	   4 352  80 108
ENEGA-UP			0	  92 236  80 108		 180 236  80 108	 268 236  80 108	 356 236  80 108
ENEGA-LEFT			0	  92 352  80 108		 180 352  80 108	 268 352  80 108	 356 352  80 108
ENEGA-RIGHT			0	 444 352  80 108		 532 352  80 108	 620 352  80 108	 708 352  80 108 
ENEGA-DEAD			2	 444 236  80 108		 532 236  80 108	 620 236  80 108	 708 236  80 108	2000 3000 128 128


EFLY-DOWN			0	 444 468  80 108		 532 468  80 108	 620 468  80 108	 708 468  80 108  	 
EFLY-UP				0	 796 352  80 108		 884 352  80 108	 972 352  80 108	   4 468  80 108
EFLY-LEFT			0	 796 468  80 108		 884 468  80 108	 972 468  80 108	   4 584  80 108
EFLY-RIGHT			0	 92  584  80 108		 180 584  80 108	 268 584  80 108	 356 584  80 108
EFLY-DEAD			2	 92  468  80 108		 180 468  80 108	 268 468  80 108	 356 468  80 108	2000 3000 128 128


EGREYBAZOOKA-DOWN		0	 356 2996  80 80		 444 2996  80 80	 532 2996 80 80		 620 2996  80 80
EGREYBAZOOKA-UP			0	   4 2996  80 80		  92 2996  80 80	 180 2996 80 80		 268 2996  80 80
EGREYBAZOOKA-LEFT		0	 708 2996  80 80		 796 2996  80 80	   4 3088 80 80		  92 3088  80 80
EGREYBAZOOKA-RIGHT		0	 180 3088  80 80		 268 3088  80 80	 356 3088 80 80		 444 3088  80 80
EGREYBAZOOKA-DEAD		2	 356 2996  80 80		 620 3792  80 80	 708 3792 80 80		 796 3792  80 80	2000 3000  80 80


EGREYGEN-DOWN			0	   4 3176  80 80		 92 3176  80 80		180 3176  80 80		268 3176  80 80
EGREYGEN-UP			0	 532 3088  80 80	 	620 3088  80 80	 	708 3088  80 80	 	796 3088  80 80
EGREYGEN-LEFT			0	 356 3176  80 80		444 3176  80 80		532 3176  80 80		620 3176  80 80
EGREYGEN-RIGHT			0	 708 3176  80 80		796 3176  80 80		  4 3264  80 80		 92 3264  80 80
EGREYGEN-DEAD			2	   4 3176  80 80		620 3792  80 80	 	 708 3792 80 80		796 3792  80 80	2000 3000  80 80


EGREYHULK-DOWN			0	 532 3264  80 80		620 3264  80 80		 708 3264  80 80	796 3264  80 80
EGREYHULK-UP			0	 180 3264  80 80		268 3264  80 80		 356 3264  80 80	444 3264  80 80
EGREYHULK-LEFT			0	   4 3352  80 80		 92 3352  80 80		 180 3352  80 80	268 3352  80 80
EGREYHULK-RIGHT			0	 356 3352  80 80		444 3352  80 80		 532 3352  80 80	620 3352  80 80
EGREYHULK-DEAD			2	 532 3352  80 80		620 3792  80 80	 	 708 3792 80 80		796 3792  80 80		2000 3000  80 80


EBLUEBAZOOKA-DOWN		0	 356 3440  80 80		444 3440  80 80		 532 3440  80 80	620 3440  80 80
EBLUEBAZOOKA-UP			0	 796 3352  80 80		  4 3440  80 80		  92 3440  80 80	180 3440  80 80
EBLUEBAZOOKA-LEFT		0	 620 3440  80 80		708 3440  80 80		 796 3440  80 80	  4 3528  80 80
EBLUEBAZOOKA-RIGHT		0	  92 3528  80 80		180 3528  80 80		 268 3528  80 80	356 3528  80 80
EBLUEBAZOOKA-DEAD		2	 356 3440  80 80		620 3792  80 80	 	 708 3792 80 80		796 3792  80 80	2000 3000  80 80


EBLUEGEN-DOWN			0	 796 3528  80 80		  4 3616  80 80		  92 3616  80 80	 180 3616  80 80
EBLUEGEN-UP			0	 444 3528  80 80		532 3528  80 80		 620 3528  80 80	 708 3528  80 80
EBLUEGEN-LEFT			0	 268 3616  80 80		356 3616  80 80		 444 3616  80 80	 532 3616  80 80
EBLUEGEN-RIGHT			0	 620 3616  80 80		708 3616  80 80		 796 3616  80 80	   4 3704  80 80
EBLUEGEN-DEAD			2	 796 3528  80 80		620 3792  80 80	 	 708 3792 80 80		 796 3792  80 80	2000 3000  80 80


EBLUEHULK-DOWN			0	 444 3704  80 80		532 3704  80 80		 620 3704  80 80	 708 3704  80 80
EBLUEHULK-UP			0	  92 3704  80 80		180 3704  80 80		 268 3704  80 80	 356 3704  80 80
EBLUEHULK-LEFT			0	 796 3704  80 80		  4 3792  80 80		  92 3792  80 80	 180 3792  80 80
EBLUEHULK-RIGHT			0	 268 3792  80 80		356 3792  80 80		 444 3792  80 80	 532 3792  80 80
EBLUEHULK-DEAD			2	 444 3704  80 80		620 3792  80 80	 	 708 3792 80 80	 	 796 3792  80 80	2000 3000  80 80












##########################################################################################
#					TILE SETS					 #
#			Norm, School, Ice, Mushroom, Rock, Rainbow, Sea			 #
#											 #
##########################################################################################

INVISIBLOCK			0	2000 3000 128 128


#Level	Norm
GRASS				0        1156 3132 128 128 
BLOCK      			0        884  2996 128 128 
BRICK				2	 1156 2996 128 128		1292 2996 128 128	1428 2996 128 128	1156 3132 128 128       1156 3132 128 128

BRICK-DESTROY			2	 1156 2996 128 128		1292 2996 128 128	1428 2996 128 128	1156 3132 128 128       1156 3132 128 128

#Level School
GRID				0	 884 3540 128 128
BOOKS				0	1020 2996 128 128
PAPER				2	1020 3676 128 128		1156 3676 128 128  	1292 3676 128 128  	1428 3676 128 128	 884 3540 128 128

PAPER-DESTROY			2	1020 3676 128 128		1156 3676 128 128  	1292 3676 128 128  	1428 3676 128 128	 884 3540 128 128


#Level Mushroom
GRASS2				0	1156 3132 128 128
MUSHROOM			0	1156 3268 128 128
MUSHBOOM			2	1428 3132 128 128		1564 3132 128 128	884 3268 128 128	1020 3268 128 128	1156 3132 128 128

MUSHBOOM-DESTROY		2	1428 3132 128 128		1564 3132 128 128	884 3268 128 128	1020 3268 128 128	1156 3132 128 128


#Level Rock
GROUND				0	1292 3132 128 128
ROCK				0	1020 3404 128 128
ROUND				2	1292 3268 128 128		1428 3268 128 128	1564 3268 128 128	884 3404 128 128	1292 3132 128 128

ROUND-DESTROY			2	1292 3268 128 128		1428 3268 128 128	1564 3268 128 128	884 3404 128 128	1292 3132 128 128



#Level Rainbow
RAINBOW				0	1564 3676 128 128
CLOUD				0	1020 3132 128 128
BREAKCLOUD			2	1156 3404 128 128		1292 3404 128 128	1428 3404 128 128	1564 3404 128 128	1564 3404 128 128

BREAKCLOUD-DESTROY		2	1156 3404 128 128		1292 3404 128 128	1428 3404 128 128	1564 3404 128 128	1564 3404 128 128



#Level Ice
ICE				0	1020 3540 128 128
CUBE				0	1156 3540 128 128
SNOWMAN				2	1292 3540 128 128		1428 3540 128 128	1564 3540 128 128	884 3676 128 128	1020 3540 128 128

SNOWMAN-DESTROY			2	1292 3540 128 128		1428 3540 128 128	1564 3540 128 128	884 3676 128 128	1020 3540 128 128


#Level Sea
WATER				0	884 3812 128 128		1020 3812 128 128	1156 3812 128 128
SEAWEED				0	1700 3540 128 128
SHELL				2	1700 2996 128 128		1700 3132 128 128	1700 3268 128 128	1700 3404 128 128	884 3812 128 128

SHELL-DESTROY			2	1700 2996 128 128		1700 3132 128 128	1700 3268 128 128	1700 3404 128 128	884 3812 128 128




##########################################################################################
#					UI ELEMENTS					 #
#			Ticking Clock, Lives, Start Screen Components			 #
#											 #
##########################################################################################

CLOCK				0	   1148    4  128 128		1284    4  128 128	1420    4  128 128	1556    4  128 128	1692    4  128 128	1828    4  128 128	1964   4  128 128	2100    4  128 128
LIVES-CAT			0	   1148  136  128 128

HEADER1				0	   2500    4  800  64
HEADER2				0	   2500   76  800  64
HEADER3				0	   2500  148  800  64
HEADER4				0	   2500  220  800  64
HEADER5				0	   2500  292  800  64
HEADER6				0	   2500  364  800  64





##########################################################################################
#					PICK UP ELEMENTS				 #
#			     Power ups, Door, cookies, yarn, toy mouse			 #
#											 #
##########################################################################################

DOOR				0	1420  136 128 128

#Misc

COOKIE				0	1284  136  128 128
TOYMOUSE			0	2236    4  128 128
YARN				0	2236  136  128 128		2236  272  128 128	2236  408  128 128	2236  540  128 128	2236  680  128 128	2236  816  128 128	2236  952  128 128	   1148 1088  128 128


#Powerups

P1UP				0	1144  952  128 128
PBOMBPASS			0	1284  952  128 128
PBOMBUP				0	1420  952  128 128
PFIREDOWN			0	1556  952  128 128
PFIREUP				0	1692  952  128 128
PPOOP				0	1828  952  128 128
PSPEED				0	1964  952  128 128
PTIME				0	2100  952  128 128 



#SPLASH SCREEN

LOGO				0	   4 1128  724 662		 736 1128  724 662	   4 1802  724 662	736 1802  724 662
TITLE				0	 812 1640  800 252
START				0	   4 2640  1064 76		   4 2556  1064 76






##########################################################################################
#					   LEVEL SCREENS 				 #
#			     LVL1-20, PLUS NEXT LEVEL            			 #
#											 #
##########################################################################################

#LEVEL SWITCHERS
LVL01				0	   4 3948  820 780
LVL02				0	1660 3948  820 780
LVL03				0	   4 4736  820 780
LVL04				0	 832 4736  820 780
LVL05				0	1660 4736  820 780
LVL06				0	   4 5524  820 780
LVL07				0	 832 5524  820 780
LVL08				0	1660 5524  820 780
LVL09				0	2488 3948  820 780
LVL10				0	 832 3948  820 780



# allows multiple files.
# @Image OTHERFILE otherfile.ext
@Image LEVELSCREEN levelScreens.png


# ALL LINES MUST BE IN THE FOLLOWING FORMAT:
# symbol			type	   x   y   width height	 {more x y width height's}
LVL11                          0           4    4    820  780
LVL12                          0         832    4    820  780
LVL13                          0        1660    4    820  780
LVL14                          0           4  792    820  780
LVL15                          0         832  792    820  780
LVL16                          0        1660  792    820  780
LVL17                          0           4 1580    820  780
LVL18                          0         832 1580    820  780
LVL19                          0        1660 1580    820  780
LVL20                          0        2488    4    820  780
LVLNEXT                        0        2488  792    820  780 




##########################################################################################
#					NEW EXPLOSION SETS				 #
#			                                         			 #
#											 #
##########################################################################################

# allows multiple files.
# @Image OTHERFILE otherfile.ext
@Image BOOMSHEET boomsheet.png


# ALL LINES MUST BE IN THE FOLLOWING FORMAT:
# symbol			type	x   y   width height	{more x y width height's}
#SAS - (884,3132,128,128) is outside of boomsheet.png??????

BOOM-UP				2     884 3132 128 128    884 3132 128 128    884 3132 128 128    884 3132 128 128  2180  140  128 128		2316  140  128 192      2452  140  128 256      2588  140  128 320      2724  140  128 384     2860  140  128 448       2996  140  128 512      3132  140  128 576       3268  140  128 640     2276  788  128 704      2412  788  128 768      2548  788  128 832      2684  788  128 896      2820  788  128 960      2956  788   128 1024     3092  788   128 1088
BOOM-DOWN			2	   884 3132 128 128    884 3132 128 128    884 3132 128 128    884 3132 128 128     4    4  128 128		 140    4  128 192	    276    4  128 256	    412    4  128 320	    548    4  128 384	   684    4  128 448	       820    4  128 512	    956    4  128 576	    1092    4  128 640	   1228    4  128 704	   1364    4  128 768	   1500    4  128 832	   1636    4  128 896	   1772    4  128 960	   1908    4   128 1024	    
#2044    4   128 1088
BOOM-LEFT			2	   884 3132 128 128    884 3132 128 128    884 3132 128 128    884 3132 128 128   180    4  128 128		   4 1100  192 128	    204 1100  256 128       468 1036  320 128	    796 1036  384 128     1188 1100  448 128       1644 1100  512 128         4 1236  576 128        588 1236  640 128        4  844  704 128       716  844  768 128      1236 1236  832 128         4 1372  896 128       908 1372  960 128         4 1508  1024  128        4  652  1088  128 
BOOM-RIGHT			2	   884 3132 128 128    884 3132 128 128    884 3132 128 128    884 3132 128 128     4  140  128 128      2076 1236  192 128      1876 1372  256 128      1036 1508  320 128      1364 1508  384 128     1756 1508  448 128          4 1644  512 128       524 1644  576 128       1108 1644  640 128        4  1780 704 128       716 1780  768 128         4 1916  832 128       844 1916  896 128         4 2052  960 128	    972 2052  1024  128     
#2316    4  1088  128   







##########################################################################################
#					         LOADING 				 #
#			                                         			 #
#											 #
########################################################################################## 
# allows multiple files.
# @Image OTHERFILE otherfile.ext
@Image LOADING loading.png


# ALL LINES MUST BE IN THE FOLLOWING FORMAT:
# symbol			type     x   y      width height	{more x y width height's}
LOADING                        0           4    4   630  100           4  112   630  100       4  220  630  100       4  328   630  100       4  436   630  100     4 544   630  100       4  652  630  100       4  760  630  100     642    4  630  100     642 112  630  100     642  220  630  100




##########################################################################################
#					        ENDSCREENS				 #
#			                                         			 #
#											 #
########################################################################################## 
# allows multiple files.
# @Image OTHERFILE otherfile.ext
@Image ENDSCREEN endScreens.png



# ALL LINES MUST BE IN THE FOLLOWING FORMAT:
# symbol			type         x   y      width height	{more x y width height's}

GAMELOSE	              0               4    4   375  800     387    4   375  800
GAMEWIN                       0            1578    4   375  800       4  812   375  800     387  812   375 800     770  812   375  800    1153  812  375  800    1536  812   375  800    1961    4   375 800    1919  812   375  800       4 1620   375  800     387 1620  375  800

HIGHSCORE                     0             770    4   800  112

PLACES                        0             770 1620   110  900

RESTART                       0             888 1620   800   43     888 1671   800   43




##########################################################################################
#			            NEW TILES AND ENEMIES				 #
#			                                         			 #
#											 #
########################################################################################## 
# allows multiple files.
# @Image OTHERFILE otherfile.ext
@Image NEWSHEET newSheet.png



# ALL LINES MUST BE IN THE FOLLOWING FORMAT: 
# symbol			type         x   y      width height	{more x y width height's}
GRASSY                         0          1148  836  128  128
FLOWERY                        0          1148  700  128  128
TREE                           2          1268  140  128  128    1148  972   128  128     1148 1108  128  128      1268   4  128  128      1148  836  128  128


LAVA                           0             4    4   128  128     140    4   128  128     276    4   128  128     412    4   128  128
HBRIDGE                        0           548    4   128  128     684    4   128  128     820    4   128  128     956    4   128  128
VBRIDGE                        0           548  140   128  128     684  140   128  128     820  140   128  128     956  140   128  128
BREAKER                        2             4  140   128  128     140  140   128  128     276  140   128  128     412  140   128  128       4  276  128 128


SPACE                          0           548  412   128  128     684  412   128  128     820  412   128  128     956  412   128  128
PLANETBIG                      0           140  412   128  128     
PLANETBLUE                     0           276  412   128  128     
PLANETORANGE                   0           412  412   128  128
ASTEROID                       2           548  276   128  128     684  276   128  128     820  276   128  128     956  276  128  128        4  412  128  128

	                        

ICECREAMFLOOR                  0             4  548   128  128     
ICECREAMCHOCO                  0           684  548   128  128     
ICECREAMSTBERRY                0           820  548   128  128
ICECREAMVANILLA                0           956  548   128  128
CHERRY                         2           140  548   128  128    276  548    128  128     412  548   128  128     548  548  128  128       4  548   128  128




EALIEN-DOWN                    0           180  700    80  108    268  700     80  108     356  700    80  108     444  700   80  108
EALIEN-UP                      0          1092    4    80  108   1092  120     80  108    1092  236    80  108    1092  352   80  108
EALIEN-LEFT                    0           532  700    80  108    620  700     80  108     708  700    80  108     796  700   80  108
EALIEN-RIGHT                   0           884  700    80  108    972  700     80  108    1060  700    80  108       4  816   80  108
EALIEN-DEAD                    2          1092  468    80  108   1092  584     80  108       4  700    80  108      92  700   80  108     1292  1052  80  108



EBEE-DOWN                      0           796  816    80  108    884  816     80  108     972  816    80  108    1060  816   80  108
EBEE-UP                        0            92  816    80  108    180  816     80  108     268  816    80  108     356  816   80  108
EBEE-LEFT                      0             4  932    80  108     92  932     80  108     180  932    80  108     268  932   80  108
EBEE-RIGHT                     0           356  932    80  108    444  932     80  108     532  932    80  108     620  932   80  108
EBEE-DEAD                      2           444  816    80  108    532  816     80  108     620  816    80  108     708  816   80  108      1292  1052  80  108            


ELIZ-DOWN                      0           356 1048    80  108    708  932     80  108     444 1048    80  108     532 1048   80  108
ELIZ-UP                        0           796  932    80  108    884  932     80  108     972  932    80  108    1060  932   80  108
ELIZ-LEFT                      0           620 1048    80  108    708  1048    80  108     796 1048    80  108     884 1048   80  108
ELIZ-RIGHT                     0           972 1048    80  108   1060  1048    80  108    1180    4    80  108    1180  120   80  108
ELIZ-DEAD                      2             4 1048    80  108     92  1048    80  108     180 1048    80  108     268 1048   80  108   1292  1052  80  108












         
   